0, 8.1757989;
1, 8.9407259;
2, 9.5610308;
3, 9.5610308;
4, 10.4555599;
5, 11.1809635;
6, 11.1809635;
7, 12.2270535;
8, 13.0753628;
9, 14.2986926;
10, 14.2986926;
11, 15.2907315;
12, 16.3515978;
13, 17.8814518;
14, 19.1220615;
15, 19.1220615;
16, 20.9111199;
17, 22.3619271;
18, 22.3619271;
19, 24.4541069;
20, 26.1507256;
21, 28.5973851;
22, 28.5973851;
23, 30.5814630;
24, 32.7031957;
25, 35.7629037;
26, 38.2441231;
27, 38.2441231;
28, 41.8222398;
29, 44.7238541;
30, 44.7238541;
31, 48.9082138;
32, 52.3014512;
33, 57.1947702;
34, 57.1947702;
35, 61.1629260;
36, 65.4063913;
37, 71.5258073;
38, 76.4882462;
39, 76.4882462;
40, 83.6444795;
41, 89.4477082;
42, 89.4477082;
43, 97.8164276;
44, 104.6029024;
45, 114.3895404;
46, 114.3895404;
47, 122.3258521;
48, 130.8127827;
49, 143.0516147;
50, 152.9764924;
51, 152.9764924;
52, 167.2889591;
53, 178.8954164;
54, 178.8954164;
55, 195.6328553;
56, 209.2058048;
57, 228.7790808;
58, 228.7790808;
59, 244.6517042;
60, 261.6255653;
61, 286.1032294;
62, 305.9529848;
63, 305.9529848;
64, 334.5779182;
65, 357.7908328;
66, 357.7908328;
67, 391.2657106;
68, 418.4116095;
69, 457.5581616;
70, 457.5581616;
71, 489.3034083;
72, 523.2511306;
73, 572.2064587;
74, 611.9059696;
75, 611.9059696;
76, 669.1558364;
77, 715.5816657;
78, 715.5816657;
79, 782.5314212;
80, 836.8232190;
81, 915.1163232;
82, 915.1163232;
83, 978.6068166;
84, 1046.5022612;
85, 1144.4129175;
86, 1223.8119392;
87, 1223.8119392;
88, 1338.3116728;
89, 1431.1633313;
90, 1431.1633313;
91, 1565.0628423;
92, 1673.6464381;
93, 1830.2326465;
94, 1830.2326465;
95, 1957.2136332;
96, 2093.0045224;
97, 2288.8258350;
98, 2447.6238783;
99, 2447.6238783;
100, 2676.6233455;
101, 2862.3266627;
102, 2862.3266627;
103, 3130.1256847;
104, 3347.2928761;
105, 3660.4652929;
106, 3660.4652929;
107, 3914.4272665;
108, 4186.0090448;
109, 4577.6516700;
110, 4895.2477566;
111, 4895.2477566;
112, 5353.2466911;
113, 5724.6533254;
114, 5724.6533254;
115, 6260.2513694;
116, 6694.5857523;
117, 7320.9305858;
118, 7320.9305858;
119, 7828.8545329;
120, 8372.0180896;
121, 9155.3033399;
122, 9790.4955132;
123, 9790.4955132;
124, 10706.4933821;
125, 11449.3066508;
126, 11449.3066508;
127, 12520.5027387;
